156
150
430
218
254
350
317
474
119
386
439
420
225
72
183
410
204
422
241
309
4
156
373
334
139
338
452
310
497
284
59
52
285
272
259
368
96
89
398
477
244
495
189
39
260
200
146
170
233
103
204
299
410
287
318
466
114
359
446
207
231
196
148
102
289
318
319
422
136
118
315
401
350
364
286
11
259
394
475
471
207
132
76
455
211
455
408
251
405
466
363
299
57
239
475
140
199
286
313
357
50
398
320
362
484
149
433
199
363
38
107
242
221
424
244
480
146
467
487
208
20
420
412
443
65
181
470
323
45
25
215
429
329
490
490
491
403
349
488
330
281
95
343
204
491
455
70
324
434
393
121
54
55
249
309
417
22
233
243
73
468
334
231
223
325
469
371
428
231
74
2
350
36
228
462
446
120
167
67
293
127
338
374
162
154
246
167
240
450
109
243
442
461
201
135
300
258
442
418
319
231
233
252
148
452
479
48
164
311
340
438
365
41
399
88
134
344
183
413
271
456
368
313
224
346
385
64
225
243
453
473
319
150
101
429
492
351
329
274
73
183
247
424
329
241
130
457
243
411
231
197
451
195
152
153
495
49
429
390
1
55
340
75
411
387
115
406
419
364
340
287
26
335
114
486
97
62
328
309
70
301
123
288
25
239
455
3
342
9
361
436
351
446
37
61
415
190
398
252
202
491
416
32
176
298
11
352
467
314
434
178
332
123
26
462
208
252
108
316
403
244
359
8
259
380
55
2
303
158
463
71
223
231
133
315
106
405
391
475
355
121
289
47
269
479
382
226
7
110
144
37
80
28
119
238
117
338
108
16
77
244
479
305
370
230
115
39
139
44
104
240
213
371
158
143
175
149
93
193
227
15
296
498
156
26
376
20
366
118
258
154
427
475
413
186
460
432
108
163
356
7
378
370
135
299
187
338
84
76
303
228
442
94
235
312
301
111
335
377
218
207
136
368
188
218
311
5
238
457
145
153
381
495
196
493
393
79
109
267
435
132
90
193
119
389
156
77
23
106
94
306
455
264
410
218
24
226
24
164
36
248
211
169
99
328
236
26
347
230
264
119
429
29
485
320
24
183
78
394
312
191
465
199
443
86
126
189
363
233
263
213
473
180
421
185
285
133
355
419
198
